1	นายกิตติพงศ์ ก้านพลู	16	17	0	13	14
2	น.ส.ณัชชา คุตโค	6	0	1	5	3
3	น.ส.นลินี เกรงสำโรง	10	9	9	5	13
4	น.ส.วิรุณญา จำรัสเลิศตระกูล	12	12	4	4	3
5	น.ส.ศุภินทรา จิบกระพงษ์	24	11	8	9	13
6	นายณัฐวุฒิ เกริกชัย	26	13	2	3	13
7	นายทวีวิทย์ ศิริเอก	29	19	6	5	12
8	น.ส.ธนิษฐา พุฒวันเพ็ญ	7	5	5	4	1
9	นายพรเทพ แซ่ตั้ง	19	20	10	11	11
10	นายภพพินิฐ รักษา	23	21	4	2	14
11	นายภูวกฤษ กนกอุดมสิน	30	21	8	7	4
12	นายยุทธนา สุพุทธยางกูร	26	21	10	14	1
13	น.ส.วรารัตน์ ยงชัยวัฒนา	29	20	7	9	10
14	นายวิชิต มกรากุล	3	17	2	0	12
15	น.ส.ศิรินันท์ มีวุฒิดี	14	7	5	13	0
16	น.ส.สลักจิต เพิ่มสุขลาภ	22	17	10	5	10
17	นายสิรภพ ทองสุขมาก	12	15	5	11	7
18	นายกิตติศักดิ์ มาลัยสนั่น	20	10	2	5	1
19	นายจิรภัทร ทรงสมรรถภาพ	9	0	6	1	13
20	นายจิโรจ กุลศิริธรรม	10	10	4	0	10
21	นายติณณ์ สุขเกษม	27	8	1	2	10
22	น.ส.ธนพร เตชะนิธิภัทร	10	3	0	9	3
23	นายพรพงษ์ ฟักเขียว	18	30	8	15	13
24	น.ส.พัฒน์สุรี สวัสดี	29	16	3	8	7
25	นายภาณุ วิริยะกมลพันธ์	0	23	4	12	11
26	นายรัชพล ผดุงนาค	12	13	3	13	14
27	นายวิชชานันท์ เทียนรัตนโสภณ	6	28	7	15	5
28	นายกฤษดา สังขทัต	22	18	5	0	6
29	นายกำพล ลีไพบูลย์วงศ์	10	8	9	11	10
30	นายชัชวาล นิยมธรรม	15	4	9	14	9
31	นายธนัท จรณะสมบูรณ์	3	10	4	0	3
32	น.ส.พิชญา แก้วสระแสน	4	19	0	5	2
33	นายอายุวัต วงษาบุตร	10	25	3	5	9
34	นายกฤษฏิ์ วงษ์เหรียญทอง	6	7	8	15	9
35	น.ส.กัณตา ธีรทรงธรรม	21	24	0	15	7
36	นายชลศักดิ์ สกุลวรกิตติ	25	7	2	1	7
37	นายโชคชัย บูรณะวิมลวรรณ	30	13	10	3	12
38	น.ส.โชติกา ขัติยะ	9	15	5	15	15
39	น.ส.ทิพวัล พุทธสถาพร	19	11	8	2	6
40	นายธนวัฒน์ คัมภีริชยา	29	27	7	15	13
41	นายนฤเทพ วงศ์สายตา	21	6	2	9	5
42	น.ส.นลัทพร โกษะ	14	10	1	15	6
43	น.ส.ปริฉัตร ตันติสุคันธวงศ์	11	5	10	11	12
44	นายพงศกร กรรัตนากุล	7	25	8	5	6
45	น.ส.พิชญ์สุภา ดวงจันทร์	5	17	3	14	5
46	น.ส.ภีรดา ธนะดิษฐกร	16	15	4	1	5
47	นายรัชชวงศ์ นิลไธสง	29	16	10	6	9
48	นายวสันต์ จันทร์เพ็ญ	13	29	8	13	5
49	นายสหทัศน์ ฉัตรนพคุณ	13	20	2	2	9
50	นายสิทธิชัย เพียรชนะ	18	28	1	5	5
51	น.ส.สุธีกานต์ ทองนุช	30	15	0	1	5
52	น.ส.สุหรรษา ลิ้มสุวรรณโชติ	12	10	6	9	10
53	นายอนิวัฒน์ พิมพ์ดา	6	20	0	7	2
54	นายเอกศิษฏ์ เจริญธันยบูรณ์	25	3	10	5	15
55	น.ส.กชวรรณ ศุภผล	7	14	8	5	15
56	น.ส.กมลพร โปสาน	10	7	4	8	0
57	น.ส.ณัฏฐนิตย์ เจริญราศรี	23	24	1	11	4
58	นายปุริม กรุงทองจันทร์	3	18	10	5	2
59	นายวรฉัตร ศรีโยทัย	16	0	4	0	12
60	น.ส.ศุภาพรรณ วรรณพฤกษ์	13	28	0	10	11
61	น.ส.สมฤทัย สกุลณา	0	16	8	12	15
62	น.ส.เสาวลักษณ์ ปวีร์ยกุล	7	0	0	2	0
63	น.ส.อทิตยา ธะโนลัพย์	30	13	6	6	11
64	นายอนุชิต นิตย์คำหาญ	7	22	4	1	15
65	น.ส.อำพร ถวิล	24	7	6	2	6
66	น.ส.ซอฟา โมฮาเมดอาเมด	10	24	7	10	12
67	นายนฤนาท ทับเงิน	3	18	8	3	7
68	น.ส.มรกต อันนันนับ	7	14	10	11	4
69	น.ส.หัทยา ขอสันติวิวัฒน์	28	6	0	15	13
70	นายอลงกรณ์ ปิยะมาภรณ์	22	12	10	13	0
71	นายจิรัส เสวย	10	20	5	1	14
72	น.ส.ชฎาพร เชื่อมชิต	4	24	6	3	10
73	นายโชติชนิต รุจิวิพัฒน์	5	4	8	15	0
74	น.ส.ธฤษวรรณ ทามาฤทธิ์	25	22	1	8	12
75	น.ส.ธัญพร พุฒซ้อน	5	14	4	5	12
76	นายพงศธร รังสิมันต์	18	13	5	9	12
77	น.ส.พรวิมล สารินทร์	3	16	4	8	1
78	น.ส.รัตนา บึงอ้อ	18	13	7	2	10
79	น.ส.ลภัส ณรงค์หนู	12	9	7	3	0
80	น.ส.วรัญญู วรธงไชย	21	12	7	14	14
81	น.ส.วาสนา วิชาชาญ	18	21	0	10	14
82	น.ส.เวธกา สุระขันธ์	16	3	2	1	13
83	น.ส.เวลิยา ดำด้วงโรม	7	21	7	14	12
84	นายอรรถโกวิท อยู่กรุด	4	22	3	11	1
85	น.ส.พรรณวรท จำนงค์	1	14	0	2	6
86	น.ส.พัทธ์ธีรา ศรีอิทธิยาเวทย์	9	8	9	2	1
87	น.ส.สิริกานต์ สอนสืบ	1	19	4	4	3
88	น.ส.สุมาริน วิริยานุวัฒน์กุล	25	30	3	0	6
